{
    "image_width": 1280,
    "image_height": 1024,
    "camera_matrix": {
        "type_id": "opencv-matrix",
        "rows": 3,
        "cols": 3,
        "dt": "d",
        "data": [ 1.7054835578452337e+03, 0.0, 6.4221525258928057e+02,
            0.0, 1.7039747309696359e+03, 5.2885870594002517e+02, 0.0,
            0.0, 1.0 ]
    },
    "distortion_coefficients": {
        "type_id": "opencv-matrix",
        "rows": 5,
        "cols": 1,
        "dt": "d",
        "data": [ -4.4635659220866386e-01, 1.6331306715083027e-01,
            -4.3751811108318972e-03, 1.8899394358752844e-03,
            6.1682971453678757e-02 ]
    },
    "avg_reprojection_error": 1.6212870317452461e+00,
    "num_calibration_images": 11
}
